# x y z[i][l]
0.1 0.1 0.2
0.1 0.3 0.145085
0.1 0.5 0.080583
0.1 0.7 0.007206
0.1 0.9 -0.073896
0.1 1.1 -0.161197
0.1 1.3 -0.252861
0.1 1.5 -0.346843
0.1 1.7 -0.440979
0.1 1.9 -0.533102
0.1 2.1 -0.62114
0.1 2.3 -0.703225
0.1 2.5 -0.77778
0.1 2.7 -0.843597
0.1 2.9 -0.8999
0.1 3.1 -0.946379
0.1 3.3 -0.983207
0.1 3.5 -1.01103
0.1 3.7 -1.03094
0.1 3.9 -1.04442
0.1 4.1 -1.05325
0.1 4.3 -1.05947
0.1 4.5 -1.06522
0.1 4.7 -1.07268
0.1 4.9 -1.08394
0.1 5.1 -1.10091
0.1 5.3 -1.1252
0.1 5.5 -1.15808
0.1 5.7 -1.2004
0.1 5.9 -1.25252
0.1 6.1 -1.31435
0.1 6.3 -1.38531
0.1 6.5 -1.46435
0.1 6.7 -1.55007
0.1 6.9 -1.64069
0.1 7.1 -1.73423
0.1 7.3 -1.82854
0.1 7.5 -1.92146
0.1 7.7 -2.01086
0.1 7.9 -2.09481
0.1 8.1 -2.17164
0.1 8.3 -2.24004
0.1 8.5 -2.2991
0.1 8.7 -2.34838
0.1 8.9 -2.3879
0.1 9.1 -2.41819
0.1 9.3 -2.44022
0.1 9.5 -2.45535
0.1 9.7 -2.46531
0.1 9.9 -2.47206
0.1 10.1 -2.47772
0.1 10.3 -2.48448
0.1 10.5 -2.49445
0.1 10.7 -2.50962
0.1 10.9 -2.53168
0.1 11.1 -2.56202
0.1 11.3 -2.60159
0.1 11.5 -2.65092
0.1 11.7 -2.71003
0.1 11.9 -2.77847
0.1 12.1 -2.85535
0.1 12.3 -2.93933
0.1 12.5 -3.02875
0.1 12.7 -3.12168
0.3 0.1 0.195085
0.3 0.3 0.130583
0.3 0.5 0.057206
0.3 0.7 -0.023896
0.3 0.9 -0.111197
0.3 1.1 -0.202861
0.3 1.3 -0.296843
0.3 1.5 -0.390979
0.3 1.7 -0.483102
0.3 1.9 -0.57114
0.3 2.1 -0.653225
0.3 2.3 -0.72778
0.3 2.5 -0.793597
0.3 2.7 -0.8499
0.3 2.9 -0.896379
0.3 3.1 -0.933207
0.3 3.3 -0.961031
0.3 3.5 -0.980941
0.3 3.7 -0.994416
0.3 3.9 -1.00325
0.3 4.1 -1.00947
0.3 4.3 -1.01522
0.3 4.5 -1.02268
0.3 4.7 -1.03394
0.3 4.9 -1.05091
0.3 5.1 -1.0752
0.3 5.3 -1.10808
0.3 5.5 -1.1504
0.3 5.7 -1.20252
0.3 5.9 -1.26435
0.3 6.1 -1.3353
0.3 6.3 -1.41435
0.3 6.5 -1.50006
0.3 6.7 -1.59069
0.3 6.9 -1.68423
0.3 7.1 -1.77854
0.3 7.3 -1.87146
0.3 7.5 -1.96086
0.3 7.7 -2.04481
0.3 7.9 -2.12164
0.3 8.1 -2.19004
0.3 8.3 -2.2491
0.3 8.5 -2.29838
0.3 8.7 -2.3379
0.3 8.9 -2.3682
0.3 9.1 -2.39022
0.3 9.3 -2.40535
0.3 9.5 -2.41531
0.3 9.7 -2.42206
0.3 9.9 -2.42772
0.3 10.1 -2.43448
0.3 10.3 -2.44446
0.3 10.5 -2.45962
0.3 10.7 -2.48168
0.3 10.9 -2.51202
0.3 11.1 -2.55159
0.3 11.3 -2.60092
0.3 11.5 -2.66003
0.3 11.7 -2.72847
0.3 11.9 -2.80535
0.3 12.1 -2.88933
0.3 12.3 -2.97875
0.3 12.5 -3.07168
0.3 12.7 -3.166
0.5 0.1 0.180583
0.5 0.3 0.107206
0.5 0.5 0.026104
0.5 0.7 -0.061197
0.5 0.9 -0.152861
0.5 1.1 -0.246843
0.5 1.3 -0.340979
0.5 1.5 -0.433102
0.5 1.7 -0.52114
0.5 1.9 -0.603225
0.5 2.1 -0.67778
0.5 2.3 -0.743597
0.5 2.5 -0.7999
0.5 2.7 -0.846379
0.5 2.9 -0.883207
0.5 3.1 -0.911031
0.5 3.3 -0.930941
0.5 3.5 -0.944416
0.5 3.7 -0.953251
0.5 3.9 -0.959469
0.5 4.1 -0.965221
0.5 4.3 -0.972683
0.5 4.5 -0.983944
0.5 4.7 -1.00091
0.5 4.9 -1.0252
0.5 5.1 -1.05808
0.5 5.3 -1.1004
0.5 5.5 -1.15252
0.5 5.7 -1.21435
0.5 5.9 -1.2853
0.5 6.1 -1.36435
0.5 6.3 -1.45006
0.5 6.5 -1.54069
0.5 6.7 -1.63423
0.5 6.9 -1.72854
0.5 7.1 -1.82146
0.5 7.3 -1.91086
0.5 7.5 -1.99481
0.5 7.7 -2.07164
0.5 7.9 -2.14004
0.5 8.1 -2.1991
0.5 8.3 -2.24838
0.5 8.5 -2.2879
0.5 8.7 -2.3182
0.5 8.9 -2.34022
0.5 9.1 -2.35535
0.5 9.3 -2.36531
0.5 9.5 -2.37206
0.5 9.7 -2.37772
0.5 9.9 -2.38448
0.5 10.1 -2.39445
0.5 10.3 -2.40962
0.5 10.5 -2.43168
0.5 10.7 -2.46202
0.5 10.9 -2.50159
0.5 11.1 -2.55092
0.5 11.3 -2.61003
0.5 11.5 -2.67847
0.5 11.7 -2.75535
0.5 11.9 -2.83933
0.5 12.1 -2.92875
0.5 12.3 -3.02168
0.5 12.5 -3.11599
0.5 12.7 -3.20953
0.7 0.1 0.157206
0.7 0.3 0.076104
0.7 0.5 -0.011197
0.7 0.7 -0.102861
0.7 0.9 -0.196843
0.7 1.1 -0.290979
0.7 1.3 -0.383102
0.7 1.5 -0.47114
0.7 1.7 -0.553225
0.7 1.9 -0.62778
0.7 2.1 -0.693597
0.7 2.3 -0.7499
0.7 2.5 -0.796379
0.7 2.7 -0.833207
0.7 2.9 -0.861031
0.7 3.1 -0.880941
0.7 3.3 -0.894416
0.7 3.5 -0.903251
0.7 3.7 -0.909469
0.7 3.9 -0.915221
0.7 4.1 -0.922683
0.7 4.3 -0.933944
0.7 4.5 -0.950909
0.7 4.7 -0.975201
0.7 4.9 -1.00808
0.7 5.1 -1.0504
0.7 5.3 -1.10252
0.7 5.5 -1.16435
0.7 5.7 -1.2353
0.7 5.9 -1.31435
0.7 6.1 -1.40006
0.7 6.3 -1.49069
0.7 6.5 -1.58423
0.7 6.7 -1.67854
0.7 6.9 -1.77146
0.7 7.1 -1.86086
0.7 7.3 -1.94481
0.7 7.5 -2.02164
0.7 7.7 -2.09004
0.7 7.9 -2.1491
0.7 8.1 -2.19838
0.7 8.3 -2.2379
0.7 8.5 -2.2682
0.7 8.7 -2.29022
0.7 8.9 -2.30536
0.7 9.1 -2.31531
0.7 9.3 -2.32206
0.7 9.5 -2.32772
0.7 9.7 -2.33448
0.7 9.9 -2.34445
0.7 10.1 -2.35962
0.7 10.3 -2.38168
0.7 10.5 -2.41202
0.7 10.7 -2.45159
0.7 10.9 -2.50092
0.7 11.1 -2.56003
0.7 11.3 -2.62847
0.7 11.5 -2.70535
0.7 11.7 -2.78933
0.7 11.9 -2.87875
0.7 12.1 -2.97168
0.7 12.3 -3.066
0.7 12.5 -3.15952
0.7 12.7 -3.25013
0.9 0.1 0.126104
0.9 0.3 0.038803
0.9 0.5 -0.052861
0.9 0.7 -0.146843
0.9 0.9 -0.240979
0.9 1.1 -0.333102
0.9 1.3 -0.42114
0.9 1.5 -0.503225
0.9 1.7 -0.57778
0.9 1.9 -0.643597
0.9 2.1 -0.6999
0.9 2.3 -0.746379
0.9 2.5 -0.783207
0.9 2.7 -0.811031
0.9 2.9 -0.830941
0.9 3.1 -0.844416
0.9 3.3 -0.853251
0.9 3.5 -0.859469
0.9 3.7 -0.865221
0.9 3.9 -0.872683
0.9 4.1 -0.883944
0.9 4.3 -0.900909
0.9 4.5 -0.925201
0.9 4.7 -0.958084
0.9 4.9 -1.0004
0.9 5.1 -1.05252
0.9 5.3 -1.11435
0.9 5.5 -1.18531
0.9 5.7 -1.26435
0.9 5.9 -1.35007
0.9 6.1 -1.44069
0.9 6.3 -1.53423
0.9 6.5 -1.62854
0.9 6.7 -1.72146
0.9 6.9 -1.81086
0.9 7.1 -1.89481
0.9 7.3 -1.97164
0.9 7.5 -2.04004
0.9 7.7 -2.0991
0.9 7.9 -2.14838
0.9 8.1 -2.1879
0.9 8.3 -2.2182
0.9 8.5 -2.24022
0.9 8.7 -2.25536
0.9 8.9 -2.26531
0.9 9.1 -2.27206
0.9 9.3 -2.27772
0.9 9.5 -2.28448
0.9 9.7 -2.29446
0.9 9.9 -2.30962
0.9 10.1 -2.33168
0.9 10.3 -2.36202
0.9 10.5 -2.40159
0.9 10.7 -2.45092
0.9 10.9 -2.51003
0.9 11.1 -2.57847
0.9 11.3 -2.65535
0.9 11.5 -2.73933
0.9 11.7 -2.82875
0.9 11.9 -2.92168
0.9 12.1 -3.016
0.9 12.3 -3.10953
0.9 12.5 -3.20013
0.9 12.7 -3.28581
1.1 0.1 0.088803
1.1 0.3 -0.002861
1.1 0.5 -0.096843
1.1 0.7 -0.190979
1.1 0.9 -0.283102
1.1 1.1 -0.37114
1.1 1.3 -0.453225
1.1 1.5 -0.52778
1.1 1.7 -0.593597
1.1 1.9 -0.6499
1.1 2.1 -0.696379
1.1 2.3 -0.733207
1.1 2.5 -0.761031
1.1 2.7 -0.780941
1.1 2.9 -0.794416
1.1 3.1 -0.803251
1.1 3.3 -0.809469
1.1 3.5 -0.815221
1.1 3.7 -0.822683
1.1 3.9 -0.833944
1.1 4.1 -0.850909
1.1 4.3 -0.875201
1.1 4.5 -0.908084
1.1 4.7 -0.950399
1.1 4.9 -1.00252
1.1 5.1 -1.06435
1.1 5.3 -1.13531
1.1 5.5 -1.21435
1.1 5.7 -1.30007
1.1 5.9 -1.39069
1.1 6.1 -1.48423
1.1 6.3 -1.57854
1.1 6.5 -1.67146
1.1 6.7 -1.76086
1.1 6.9 -1.84481
1.1 7.1 -1.92164
1.1 7.3 -1.99004
1.1 7.5 -2.0491
1.1 7.7 -2.09838
1.1 7.9 -2.1379
1.1 8.1 -2.16819
1.1 8.3 -2.19022
1.1 8.5 -2.20535
1.1 8.7 -2.21531
1.1 8.9 -2.22206
1.1 9.1 -2.22772
1.1 9.3 -2.23448
1.1 9.5 -2.24445
1.1 9.7 -2.25962
1.1 9.9 -2.28168
1.1 10.1 -2.31202
1.1 10.3 -2.35159
1.1 10.5 -2.40092
1.1 10.7 -2.46003
1.1 10.9 -2.52847
1.1 11.1 -2.60535
1.1 11.3 -2.68933
1.1 11.5 -2.77875
1.1 11.7 -2.87168
1.1 11.9 -2.96599
1.1 12.1 -3.05952
1.1 12.3 -3.15013
1.1 12.5 -3.23581
1.1 12.7 -3.31482
1.3 0.1 0.047139
1.3 0.3 -0.046843
1.3 0.5 -0.140979
1.3 0.7 -0.233102
1.3 0.9 -0.32114
1.3 1.1 -0.403225
1.3 1.3 -0.47778
1.3 1.5 -0.543597
1.3 1.7 -0.5999
1.3 1.9 -0.646379
1.3 2.1 -0.683207
1.3 2.3 -0.711031
1.3 2.5 -0.730941
1.3 2.7 -0.744416
1.3 2.9 -0.753251
1.3 3.1 -0.759469
1.3 3.3 -0.765221
1.3 3.5 -0.772683
1.3 3.7 -0.783944
1.3 3.9 -0.800909
1.3 4.1 -0.825202
1.3 4.3 -0.858084
1.3 4.5 -0.900399
1.3 4.7 -0.952523
1.3 4.9 -1.01435
1.3 5.1 -1.0853
1.3 5.3 -1.16435
1.3 5.5 -1.25006
1.3 5.7 -1.34069
1.3 5.9 -1.43423
1.3 6.1 -1.52854
1.3 6.3 -1.62146
1.3 6.5 -1.71086
1.3 6.7 -1.79481
1.3 6.9 -1.87164
1.3 7.1 -1.94004
1.3 7.3 -1.9991
1.3 7.5 -2.04838
1.3 7.7 -2.0879
1.3 7.9 -2.1182
1.3 8.1 -2.14022
1.3 8.3 -2.15535
1.3 8.5 -2.16531
1.3 8.7 -2.17206
1.3 8.9 -2.17772
1.3 9.1 -2.18448
1.3 9.3 -2.19446
1.3 9.5 -2.20962
1.3 9.7 -2.23168
1.3 9.9 -2.26202
1.3 10.1 -2.30159
1.3 10.3 -2.35092
1.3 10.5 -2.41003
1.3 10.7 -2.47847
1.3 10.9 -2.55535
1.3 11.1 -2.63933
1.3 11.3 -2.72875
1.3 11.5 -2.82168
1.3 11.7 -2.916
1.3 11.9 -3.00953
1.3 12.1 -3.10013
1.3 12.3 -3.18581
1.3 12.5 -3.26482
1.3 12.7 -3.33573
1.5 0.1 0.003157
1.5 0.3 -0.090979
1.5 0.5 -0.183102
1.5 0.7 -0.27114
1.5 0.9 -0.353225
1.5 1.1 -0.42778
1.5 1.3 -0.493597
1.5 1.5 -0.5499
1.5 1.7 -0.596379
1.5 1.9 -0.633207
1.5 2.1 -0.661031
1.5 2.3 -0.680941
1.5 2.5 -0.694416
1.5 2.7 -0.703251
1.5 2.9 -0.709469
1.5 3.1 -0.715221
1.5 3.3 -0.722683
1.5 3.5 -0.733944
1.5 3.7 -0.750909
1.5 3.9 -0.775201
1.5 4.1 -0.808084
1.5 4.3 -0.850399
1.5 4.5 -0.902523
1.5 4.7 -0.964352
1.5 4.9 -1.0353
1.5 5.1 -1.11435
1.5 5.3 -1.20006
1.5 5.5 -1.29069
1.5 5.7 -1.38423
1.5 5.9 -1.47854
1.5 6.1 -1.57146
1.5 6.3 -1.66086
1.5 6.5 -1.74481
1.5 6.7 -1.82164
1.5 6.9 -1.89004
1.5 7.1 -1.9491
1.5 7.3 -1.99838
1.5 7.5 -2.0379
1.5 7.7 -2.0682
1.5 7.9 -2.09022
1.5 8.1 -2.10535
1.5 8.3 -2.11531
1.5 8.5 -2.12206
1.5 8.7 -2.12772
1.5 8.9 -2.13448
1.5 9.1 -2.14445
1.5 9.3 -2.15962
1.5 9.5 -2.18168
1.5 9.7 -2.21202
1.5 9.9 -2.25159
1.5 10.1 -2.30092
1.5 10.3 -2.36003
1.5 10.5 -2.42847
1.5 10.7 -2.50535
1.5 10.9 -2.58933
1.5 11.1 -2.67875
1.5 11.3 -2.77168
1.5 11.5 -2.86599
1.5 11.7 -2.95953
1.5 11.9 -3.05013
1.5 12.1 -3.13581
1.5 12.3 -3.21482
1.5 12.5 -3.28573
1.5 12.7 -3.34751
1.7 0.1 -0.040979
1.7 0.3 -0.133102
1.7 0.5 -0.22114
1.7 0.7 -0.303225
1.7 0.9 -0.37778
1.7 1.1 -0.443597
1.7 1.3 -0.4999
1.7 1.5 -0.546379
1.7 1.7 -0.583207
1.7 1.9 -0.611031
1.7 2.1 -0.630941
1.7 2.3 -0.644416
1.7 2.5 -0.653251
1.7 2.7 -0.659469
1.7 2.9 -0.665221
1.7 3.1 -0.672683
1.7 3.3 -0.683944
1.7 3.5 -0.700909
1.7 3.7 -0.725201
1.7 3.9 -0.758084
1.7 4.1 -0.800399
1.7 4.3 -0.852523
1.7 4.5 -0.914352
1.7 4.7 -0.985305
1.7 4.9 -1.06435
1.7 5.1 -1.15006
1.7 5.3 -1.24069
1.7 5.5 -1.33423
1.7 5.7 -1.42854
1.7 5.9 -1.52146
1.7 6.1 -1.61086
1.7 6.3 -1.69481
1.7 6.5 -1.77164
1.7 6.7 -1.84004
1.7 6.9 -1.8991
1.7 7.1 -1.94838
1.7 7.3 -1.9879
1.7 7.5 -2.0182
1.7 7.7 -2.04022
1.7 7.9 -2.05536
1.7 8.1 -2.06531
1.7 8.3 -2.07206
1.7 8.5 -2.07772
1.7 8.7 -2.08448
1.7 8.9 -2.09445
1.7 9.1 -2.10962
1.7 9.3 -2.13168
1.7 9.5 -2.16202
1.7 9.7 -2.20159
1.7 9.9 -2.25092
1.7 10.1 -2.31003
1.7 10.3 -2.37847
1.7 10.5 -2.45535
1.7 10.7 -2.53933
1.7 10.9 -2.62875
1.7 11.1 -2.72168
1.7 11.3 -2.816
1.7 11.5 -2.90952
1.7 11.7 -3.00013
1.7 11.9 -3.08581
1.7 12.1 -3.16482
1.7 12.3 -3.23573
1.7 12.5 -3.29751
1.7 12.7 -3.34959
1.9 0.1 -0.083102
1.9 0.3 -0.17114
1.9 0.5 -0.253225
1.9 0.7 -0.32778
1.9 0.9 -0.393597
1.9 1.1 -0.4499
1.9 1.3 -0.496379
1.9 1.5 -0.533207
1.9 1.7 -0.561031
1.9 1.9 -0.580941
1.9 2.1 -0.594416
1.9 2.3 -0.603251
1.9 2.5 -0.609469
1.9 2.7 -0.615221
1.9 2.9 -0.622683
1.9 3.1 -0.633944
1.9 3.3 -0.650909
1.9 3.5 -0.675201
1.9 3.7 -0.708084
1.9 3.9 -0.750399
1.9 4.1 -0.802523
1.9 4.3 -0.864352
1.9 4.5 -0.935305
1.9 4.7 -1.01435
1.9 4.9 -1.10007
1.9 5.1 -1.19069
1.9 5.3 -1.28423
1.9 5.5 -1.37854
1.9 5.7 -1.47146
1.9 5.9 -1.56086
1.9 6.1 -1.64481
1.9 6.3 -1.72164
1.9 6.5 -1.79004
1.9 6.7 -1.8491
1.9 6.9 -1.89838
1.9 7.1 -1.9379
1.9 7.3 -1.9682
1.9 7.5 -1.99022
1.9 7.7 -2.00536
1.9 7.9 -2.01531
1.9 8.1 -2.02206
1.9 8.3 -2.02772
1.9 8.5 -2.03448
1.9 8.7 -2.04446
1.9 8.9 -2.05962
1.9 9.1 -2.08168
1.9 9.3 -2.11202
1.9 9.5 -2.15159
1.9 9.7 -2.20092
1.9 9.9 -2.26003
1.9 10.1 -2.32847
1.9 10.3 -2.40535
1.9 10.5 -2.48933
1.9 10.7 -2.57875
1.9 10.9 -2.67168
1.9 11.1 -2.766
1.9 11.3 -2.85953
1.9 11.5 -2.95013
1.9 11.7 -3.03581
1.9 11.9 -3.11482
1.9 12.1 -3.18573
1.9 12.3 -3.24751
1.9 12.5 -3.29959
1.9 12.7 -3.34185
2.1 0.1 -0.12114
2.1 0.3 -0.203225
2.1 0.5 -0.27778
2.1 0.7 -0.343597
2.1 0.9 -0.3999
2.1 1.1 -0.446379
2.1 1.3 -0.483207
2.1 1.5 -0.511031
2.1 1.7 -0.530941
2.1 1.9 -0.544416
2.1 2.1 -0.553251
2.1 2.3 -0.559469
2.1 2.5 -0.565221
2.1 2.7 -0.572683
2.1 2.9 -0.583944
2.1 3.1 -0.600909
2.1 3.3 -0.625201
2.1 3.5 -0.658084
2.1 3.7 -0.700399
2.1 3.9 -0.752523
2.1 4.1 -0.814352
2.1 4.3 -0.885305
2.1 4.5 -0.964351
2.1 4.7 -1.05007
2.1 4.9 -1.14069
2.1 5.1 -1.23423
2.1 5.3 -1.32854
2.1 5.5 -1.42146
2.1 5.7 -1.51086
2.1 5.9 -1.59481
2.1 6.1 -1.67164
2.1 6.3 -1.74004
2.1 6.5 -1.7991
2.1 6.7 -1.84838
2.1 6.9 -1.8879
2.1 7.1 -1.9182
2.1 7.3 -1.94022
2.1 7.5 -1.95535
2.1 7.7 -1.96531
2.1 7.9 -1.97206
2.1 8.1 -1.97772
2.1 8.3 -1.98448
2.1 8.5 -1.99446
2.1 8.7 -2.00962
2.1 8.9 -2.03168
2.1 9.1 -2.06202
2.1 9.3 -2.10159
2.1 9.5 -2.15092
2.1 9.7 -2.21003
2.1 9.9 -2.27847
2.1 10.1 -2.35535
2.1 10.3 -2.43933
2.1 10.5 -2.52875
2.1 10.7 -2.62168
2.1 10.9 -2.71599
2.1 11.1 -2.80952
2.1 11.3 -2.90013
2.1 11.5 -2.98581
2.1 11.7 -3.06482
2.1 11.9 -3.13573
2.1 12.1 -3.19751
2.1 12.3 -3.24959
2.1 12.5 -3.29185
2.1 12.7 -3.32469
2.3 0.1 -0.153225
2.3 0.3 -0.22778
2.3 0.5 -0.293597
2.3 0.7 -0.3499
2.3 0.9 -0.396379
2.3 1.1 -0.433207
2.3 1.3 -0.461031
2.3 1.5 -0.480941
2.3 1.7 -0.494416
2.3 1.9 -0.503251
2.3 2.1 -0.509469
2.3 2.3 -0.515221
2.3 2.5 -0.522683
2.3 2.7 -0.533944
2.3 2.9 -0.550909
2.3 3.1 -0.575202
2.3 3.3 -0.608084
2.3 3.5 -0.650399
2.3 3.7 -0.702523
2.3 3.9 -0.764352
2.3 4.1 -0.835305
2.3 4.3 -0.914351
2.3 4.5 -1.00006
2.3 4.7 -1.09069
2.3 4.9 -1.18423
2.3 5.1 -1.27854
2.3 5.3 -1.37146
2.3 5.5 -1.46086
2.3 5.7 -1.54481
2.3 5.9 -1.62164
2.3 6.1 -1.69004
2.3 6.3 -1.7491
2.3 6.5 -1.79838
2.3 6.7 -1.8379
2.3 6.9 -1.8682
2.3 7.1 -1.89022
2.3 7.3 -1.90535
2.3 7.5 -1.91531
2.3 7.7 -1.92206
2.3 7.9 -1.92772
2.3 8.1 -1.93448
2.3 8.3 -1.94446
2.3 8.5 -1.95962
2.3 8.7 -1.98168
2.3 8.9 -2.01202
2.3 9.1 -2.05159
2.3 9.3 -2.10092
2.3 9.5 -2.16003
2.3 9.7 -2.22847
2.3 9.9 -2.30535
2.3 10.1 -2.38933
2.3 10.3 -2.47875
2.3 10.5 -2.57168
2.3 10.7 -2.666
2.3 10.9 -2.75953
2.3 11.1 -2.85013
2.3 11.3 -2.93581
2.3 11.5 -3.01482
2.3 11.7 -3.08573
2.3 11.9 -3.14751
2.3 12.1 -3.19959
2.3 12.3 -3.24185
2.3 12.5 -3.27469
2.3 12.7 -3.29894
2.5 0.1 -0.17778
2.5 0.3 -0.243597
2.5 0.5 -0.2999
2.5 0.7 -0.346379
2.5 0.9 -0.383207
2.5 1.1 -0.411031
2.5 1.3 -0.430941
2.5 1.5 -0.444416
2.5 1.7 -0.453251
2.5 1.9 -0.459469
2.5 2.1 -0.465221
2.5 2.3 -0.472683
2.5 2.5 -0.483944
2.5 2.7 -0.500909
2.5 2.9 -0.525201
2.5 3.1 -0.558084
2.5 3.3 -0.600399
2.5 3.5 -0.652523
2.5 3.7 -0.714352
2.5 3.9 -0.785305
2.5 4.1 -0.864351
2.5 4.3 -0.950065
2.5 4.5 -1.04069
2.5 4.7 -1.13423
2.5 4.9 -1.22854
2.5 5.1 -1.32146
2.5 5.3 -1.41086
2.5 5.5 -1.49481
2.5 5.7 -1.57164
2.5 5.9 -1.64004
2.5 6.1 -1.6991
2.5 6.3 -1.74838
2.5 6.5 -1.7879
2.5 6.7 -1.8182
2.5 6.9 -1.84022
2.5 7.1 -1.85536
2.5 7.3 -1.86531
2.5 7.5 -1.87206
2.5 7.7 -1.87772
2.5 7.9 -1.88448
2.5 8.1 -1.89446
2.5 8.3 -1.90962
2.5 8.5 -1.93168
2.5 8.7 -1.96202
2.5 8.9 -2.00159
2.5 9.1 -2.05092
2.5 9.3 -2.11003
2.5 9.5 -2.17847
2.5 9.7 -2.25535
2.5 9.9 -2.33933
2.5 10.1 -2.42875
2.5 10.3 -2.52168
2.5 10.5 -2.61599
2.5 10.7 -2.70953
2.5 10.9 -2.80013
2.5 11.1 -2.88581
2.5 11.3 -2.96482
2.5 11.5 -3.03573
2.5 11.7 -3.09751
2.5 11.9 -3.14959
2.5 12.1 -3.19185
2.5 12.3 -3.22469
2.5 12.5 -3.24894
2.5 12.7 -3.26587
2.7 0.1 -0.193597
2.7 0.3 -0.2499
2.7 0.5 -0.296379
2.7 0.7 -0.333207
2.7 0.9 -0.361031
2.7 1.1 -0.380941
2.7 1.3 -0.394416
2.7 1.5 -0.403251
2.7 1.7 -0.409469
2.7 1.9 -0.415221
2.7 2.1 -0.422683
2.7 2.3 -0.433944
2.7 2.5 -0.450909
2.7 2.7 -0.475201
2.7 2.9 -0.508084
2.7 3.1 -0.550399
2.7 3.3 -0.602523
2.7 3.5 -0.664352
2.7 3.7 -0.735305
2.7 3.9 -0.814351
2.7 4.1 -0.900065
2.7 4.3 -0.99069
2.7 4.5 -1.08423
2.7 4.7 -1.17854
2.7 4.9 -1.27146
2.7 5.1 -1.36086
2.7 5.3 -1.44481
2.7 5.5 -1.52164
2.7 5.7 -1.59004
2.7 5.9 -1.6491
2.7 6.1 -1.69838
2.7 6.3 -1.7379
2.7 6.5 -1.7682
2.7 6.7 -1.79022
2.7 6.9 -1.80536
2.7 7.1 -1.81531
2.7 7.3 -1.82206
2.7 7.5 -1.82772
2.7 7.7 -1.83448
2.7 7.9 -1.84445
2.7 8.1 -1.85962
2.7 8.3 -1.88168
2.7 8.5 -1.91202
2.7 8.7 -1.95159
2.7 8.9 -2.00092
2.7 9.1 -2.06003
2.7 9.3 -2.12847
2.7 9.5 -2.20535
2.7 9.7 -2.28933
2.7 9.9 -2.37875
2.7 10.1 -2.47168
2.7 10.3 -2.566
2.7 10.5 -2.65952
2.7 10.7 -2.75013
2.7 10.9 -2.83581
2.7 11.1 -2.91482
2.7 11.3 -2.98573
2.7 11.5 -3.04751
2.7 11.7 -3.09959
2.7 11.9 -3.14185
2.7 12.1 -3.17469
2.7 12.3 -3.19894
2.7 12.5 -3.21587
2.7 12.7 -3.22711
2.9 0.1 -0.1999
2.9 0.3 -0.246379
2.9 0.5 -0.283207
2.9 0.7 -0.311031
2.9 0.9 -0.330941
2.9 1.1 -0.344416
2.9 1.3 -0.353251
2.9 1.5 -0.359469
2.9 1.7 -0.365221
2.9 1.9 -0.372683
2.9 2.1 -0.383944
2.9 2.3 -0.400909
2.9 2.5 -0.425201
2.9 2.7 -0.458084
2.9 2.9 -0.500399
2.9 3.1 -0.552523
2.9 3.3 -0.614352
2.9 3.5 -0.685305
2.9 3.7 -0.764351
2.9 3.9 -0.850065
2.9 4.1 -0.94069
2.9 4.3 -1.03423
2.9 4.5 -1.12854
2.9 4.7 -1.22146
2.9 4.9 -1.31086
2.9 5.1 -1.39481
2.9 5.3 -1.47164
2.9 5.5 -1.54004
2.9 5.7 -1.5991
2.9 5.9 -1.64838
2.9 6.1 -1.6879
2.9 6.3 -1.7182
2.9 6.5 -1.74022
2.9 6.7 -1.75535
2.9 6.9 -1.76531
2.9 7.1 -1.77206
2.9 7.3 -1.77772
2.9 7.5 -1.78448
2.9 7.7 -1.79445
2.9 7.9 -1.80962
2.9 8.1 -1.83168
2.9 8.3 -1.86202
2.9 8.5 -1.90159
2.9 8.7 -1.95092
2.9 8.9 -2.01003
2.9 9.1 -2.07847
2.9 9.3 -2.15535
2.9 9.5 -2.23933
2.9 9.7 -2.32875
2.9 9.9 -2.42168
2.9 10.1 -2.516
2.9 10.3 -2.60953
2.9 10.5 -2.70013
2.9 10.7 -2.78581
2.9 10.9 -2.86482
2.9 11.1 -2.93573
2.9 11.3 -2.99751
2.9 11.5 -3.04959
2.9 11.7 -3.09185
2.9 11.9 -3.12469
2.9 12.1 -3.14894
2.9 12.3 -3.16587
2.9 12.5 -3.17711
2.9 12.7 -3.18456
3.1 0.1 -0.196379
3.1 0.3 -0.233207
3.1 0.5 -0.261031
3.1 0.7 -0.280941
3.1 0.9 -0.294416
3.1 1.1 -0.303251
3.1 1.3 -0.309469
3.1 1.5 -0.315221
3.1 1.7 -0.322683
3.1 1.9 -0.333944
3.1 2.1 -0.350909
3.1 2.3 -0.375201
3.1 2.5 -0.408084
3.1 2.7 -0.450399
3.1 2.9 -0.502523
3.1 3.1 -0.564352
3.1 3.3 -0.635305
3.1 3.5 -0.714351
3.1 3.7 -0.800065
3.1 3.9 -0.890689
3.1 4.1 -0.984229
3.1 4.3 -1.07854
3.1 4.5 -1.17146
3.1 4.7 -1.26086
3.1 4.9 -1.34481
3.1 5.1 -1.42164
3.1 5.3 -1.49004
3.1 5.5 -1.5491
3.1 5.7 -1.59838
3.1 5.9 -1.6379
3.1 6.1 -1.6682
3.1 6.3 -1.69022
3.1 6.5 -1.70535
3.1 6.7 -1.71531
3.1 6.9 -1.72206
3.1 7.1 -1.72772
3.1 7.3 -1.73448
3.1 7.5 -1.74446
3.1 7.7 -1.75962
3.1 7.9 -1.78168
3.1 8.1 -1.81202
3.1 8.3 -1.85159
3.1 8.5 -1.90092
3.1 8.7 -1.96003
3.1 8.9 -2.02847
3.1 9.1 -2.10535
3.1 9.3 -2.18933
3.1 9.5 -2.27875
3.1 9.7 -2.37168
3.1 9.9 -2.46599
3.1 10.1 -2.55952
3.1 10.3 -2.65013
3.1 10.5 -2.73581
3.1 10.7 -2.81482
3.1 10.9 -2.88573
3.1 11.1 -2.94751
3.1 11.3 -2.99959
3.1 11.5 -3.04185
3.1 11.7 -3.07469
3.1 11.9 -3.09894
3.1 12.1 -3.11587
3.1 12.3 -3.12711
3.1 12.5 -3.13456
3.1 12.7 -3.14031
3.3 0.1 -0.183207
3.3 0.3 -0.211031
3.3 0.5 -0.230941
3.3 0.7 -0.244416
3.3 0.9 -0.253251
3.3 1.1 -0.259469
3.3 1.3 -0.265221
3.3 1.5 -0.272683
3.3 1.7 -0.283944
3.3 1.9 -0.300909
3.3 2.1 -0.325201
3.3 2.3 -0.358084
3.3 2.5 -0.400399
3.3 2.7 -0.452523
3.3 2.9 -0.514352
3.3 3.1 -0.585305
3.3 3.3 -0.664351
3.3 3.5 -0.750065
3.3 3.7 -0.840689
3.3 3.9 -0.934229
3.3 4.1 -1.02854
3.3 4.3 -1.12146
3.3 4.5 -1.21086
3.3 4.7 -1.29481
3.3 4.9 -1.37164
3.3 5.1 -1.44004
3.3 5.3 -1.4991
3.3 5.5 -1.54838
3.3 5.7 -1.5879
3.3 5.9 -1.6182
3.3 6.1 -1.64022
3.3 6.3 -1.65535
3.3 6.5 -1.66531
3.3 6.7 -1.67206
3.3 6.9 -1.67772
3.3 7.1 -1.68448
3.3 7.3 -1.69446
3.3 7.5 -1.70962
3.3 7.7 -1.73168
3.3 7.9 -1.76202
3.3 8.1 -1.80159
3.3 8.3 -1.85092
3.3 8.5 -1.91003
3.3 8.7 -1.97847
3.3 8.9 -2.05535
3.3 9.1 -2.13933
3.3 9.3 -2.22875
3.3 9.5 -2.32168
3.3 9.7 -2.416
3.3 9.9 -2.50953
3.3 10.1 -2.60013
3.3 10.3 -2.68581
3.3 10.5 -2.76482
3.3 10.7 -2.83573
3.3 10.9 -2.89751
3.3 11.1 -2.94959
3.3 11.3 -2.99185
3.3 11.5 -3.02469
3.3 11.7 -3.04894
3.3 11.9 -3.06587
3.3 12.1 -3.07711
3.3 12.3 -3.08456
3.3 12.5 -3.09031
3.3 12.7 -3.09653
3.5 0.1 -0.161031
3.5 0.3 -0.180941
3.5 0.5 -0.194416
3.5 0.7 -0.203251
3.5 0.9 -0.209469
3.5 1.1 -0.215221
3.5 1.3 -0.222683
3.5 1.5 -0.233944
3.5 1.7 -0.250909
3.5 1.9 -0.275201
3.5 2.1 -0.308084
3.5 2.3 -0.350399
3.5 2.5 -0.402523
3.5 2.7 -0.464352
3.5 2.9 -0.535305
3.5 3.1 -0.614351
3.5 3.3 -0.700065
3.5 3.5 -0.790689
3.5 3.7 -0.884229
3.5 3.9 -0.978544
3.5 4.1 -1.07146
3.5 4.3 -1.16086
3.5 4.5 -1.24481
3.5 4.7 -1.32164
3.5 4.9 -1.39004
3.5 5.1 -1.4491
3.5 5.3 -1.49838
3.5 5.5 -1.5379
3.5 5.7 -1.5682
3.5 5.9 -1.59022
3.5 6.1 -1.60536
3.5 6.3 -1.61531
3.5 6.5 -1.62206
3.5 6.7 -1.62772
3.5 6.9 -1.63448
3.5 7.1 -1.64446
3.5 7.3 -1.65962
3.5 7.5 -1.68168
3.5 7.7 -1.71202
3.5 7.9 -1.75159
3.5 8.1 -1.80092
3.5 8.3 -1.86003
3.5 8.5 -1.92847
3.5 8.7 -2.00535
3.5 8.9 -2.08933
3.5 9.1 -2.17875
3.5 9.3 -2.27168
3.5 9.5 -2.36599
3.5 9.7 -2.45953
3.5 9.9 -2.55013
3.5 10.1 -2.63581
3.5 10.3 -2.71482
3.5 10.5 -2.78573
3.5 10.7 -2.84751
3.5 10.9 -2.89959
3.5 11.1 -2.94185
3.5 11.3 -2.97469
3.5 11.5 -2.99894
3.5 11.7 -3.01587
3.5 11.9 -3.02711
3.5 12.1 -3.03456
3.5 12.3 -3.04031
3.5 12.5 -3.04653
3.5 12.7 -3.05539
3.7 0.1 -0.130941
3.7 0.3 -0.144416
3.7 0.5 -0.153251
3.7 0.7 -0.159469
3.7 0.9 -0.165221
3.7 1.1 -0.172683
3.7 1.3 -0.183944
3.7 1.5 -0.200909
3.7 1.7 -0.225201
3.7 1.9 -0.258084
3.7 2.1 -0.300399
3.7 2.3 -0.352523
3.7 2.5 -0.414352
3.7 2.7 -0.485305
3.7 2.9 -0.564351
3.7 3.1 -0.650065
3.7 3.3 -0.74069
3.7 3.5 -0.834229
3.7 3.7 -0.928544
3.7 3.9 -1.02146
3.7 4.1 -1.11086
3.7 4.3 -1.19481
3.7 4.5 -1.27164
3.7 4.7 -1.34004
3.7 4.9 -1.3991
3.7 5.1 -1.44838
3.7 5.3 -1.4879
3.7 5.5 -1.5182
3.7 5.7 -1.54022
3.7 5.9 -1.55536
3.7 6.1 -1.56531
3.7 6.3 -1.57206
3.7 6.5 -1.57772
3.7 6.7 -1.58448
3.7 6.9 -1.59445
3.7 7.1 -1.60962
3.7 7.3 -1.63168
3.7 7.5 -1.66202
3.7 7.7 -1.70159
3.7 7.9 -1.75092
3.7 8.1 -1.81003
3.7 8.3 -1.87847
3.7 8.5 -1.95535
3.7 8.7 -2.03933
3.7 8.9 -2.12875
3.7 9.1 -2.22168
3.7 9.3 -2.316
3.7 9.5 -2.40952
3.7 9.7 -2.50013
3.7 9.9 -2.58581
3.7 10.1 -2.66482
3.7 10.3 -2.73573
3.7 10.5 -2.79751
3.7 10.7 -2.84959
3.7 10.9 -2.89185
3.7 11.1 -2.92469
3.7 11.3 -2.94894
3.7 11.5 -2.96587
3.7 11.7 -2.97711
3.7 11.9 -2.98456
3.7 12.1 -2.99031
3.7 12.3 -2.99653
3.7 12.5 -3.00539
3.7 12.7 -3.01889
3.9 0.1 -0.094416
3.9 0.3 -0.103251
3.9 0.5 -0.109469
3.9 0.7 -0.115221
3.9 0.9 -0.122683
3.9 1.1 -0.133944
3.9 1.3 -0.150909
3.9 1.5 -0.175201
3.9 1.7 -0.208084
3.9 1.9 -0.250399
3.9 2.1 -0.302523
3.9 2.3 -0.364352
3.9 2.5 -0.435305
3.9 2.7 -0.514351
3.9 2.9 -0.600065
3.9 3.1 -0.69069
3.9 3.3 -0.784229
3.9 3.5 -0.878544
3.9 3.7 -0.971456
3.9 3.9 -1.06086
3.9 4.1 -1.14481
3.9 4.3 -1.22164
3.9 4.5 -1.29004
3.9 4.7 -1.3491
3.9 4.9 -1.39838
3.9 5.1 -1.4379
3.9 5.3 -1.4682
3.9 5.5 -1.49022
3.9 5.7 -1.50535
3.9 5.9 -1.51531
3.9 6.1 -1.52206
3.9 6.3 -1.52772
3.9 6.5 -1.53448
3.9 6.7 -1.54445
3.9 6.9 -1.55962
3.9 7.1 -1.58168
3.9 7.3 -1.61202
3.9 7.5 -1.65159
3.9 7.7 -1.70092
3.9 7.9 -1.76003
3.9 8.1 -1.82847
3.9 8.3 -1.90535
3.9 8.5 -1.98933
3.9 8.7 -2.07875
3.9 8.9 -2.17168
3.9 9.1 -2.266
3.9 9.3 -2.35953
3.9 9.5 -2.45013
3.9 9.7 -2.53581
3.9 9.9 -2.61482
3.9 10.1 -2.68573
3.9 10.3 -2.74751
3.9 10.5 -2.79959
3.9 10.7 -2.84185
3.9 10.9 -2.87469
3.9 11.1 -2.89894
3.9 11.3 -2.91587
3.9 11.5 -2.92711
3.9 11.7 -2.93456
3.9 11.9 -2.94031
3.9 12.1 -2.94653
3.9 12.3 -2.95539
3.9 12.5 -2.96889
3.9 12.7 -2.98884
4.1 0.1 -0.053251
4.1 0.3 -0.059469
4.1 0.5 -0.065221
4.1 0.7 -0.072683
4.1 0.9 -0.083944
4.1 1.1 -0.100909
4.1 1.3 -0.125201
4.1 1.5 -0.158084
4.1 1.7 -0.200399
4.1 1.9 -0.252523
4.1 2.1 -0.314352
4.1 2.3 -0.385305
4.1 2.5 -0.464351
4.1 2.7 -0.550065
4.1 2.9 -0.640689
4.1 3.1 -0.734229
4.1 3.3 -0.828544
4.1 3.5 -0.921456
4.1 3.7 -1.01086
4.1 3.9 -1.09481
4.1 4.1 -1.17164
4.1 4.3 -1.24004
4.1 4.5 -1.2991
4.1 4.7 -1.34838
4.1 4.9 -1.3879
4.1 5.1 -1.4182
4.1 5.3 -1.44022
4.1 5.5 -1.45535
4.1 5.7 -1.46531
4.1 5.9 -1.47206
4.1 6.1 -1.47772
4.1 6.3 -1.48448
4.1 6.5 -1.49446
4.1 6.7 -1.50962
4.1 6.9 -1.53168
4.1 7.1 -1.56202
4.1 7.3 -1.60159
4.1 7.5 -1.65092
4.1 7.7 -1.71003
4.1 7.9 -1.77847
4.1 8.1 -1.85535
4.1 8.3 -1.93933
4.1 8.5 -2.02875
4.1 8.7 -2.12168
4.1 8.9 -2.21599
4.1 9.1 -2.30952
4.1 9.3 -2.40013
4.1 9.5 -2.48581
4.1 9.7 -2.56482
4.1 9.9 -2.63573
4.1 10.1 -2.69751
4.1 10.3 -2.74959
4.1 10.5 -2.79185
4.1 10.7 -2.82469
4.1 10.9 -2.84894
4.1 11.1 -2.86587
4.1 11.3 -2.87711
4.1 11.5 -2.88456
4.1 11.7 -2.89031
4.1 11.9 -2.89653
4.1 12.1 -2.90539
4.1 12.3 -2.91889
4.1 12.5 -2.93884
4.1 12.7 -2.9667
4.3 0.1 -0.009469
4.3 0.3 -0.015221
4.3 0.5 -0.022683
4.3 0.7 -0.033944
4.3 0.9 -0.050909
4.3 1.1 -0.075201
4.3 1.3 -0.108084
4.3 1.5 -0.150399
4.3 1.7 -0.202523
4.3 1.9 -0.264352
4.3 2.1 -0.335305
4.3 2.3 -0.414351
4.3 2.5 -0.500065
4.3 2.7 -0.590689
4.3 2.9 -0.684229
4.3 3.1 -0.778544
4.3 3.3 -0.871456
4.3 3.5 -0.960856
4.3 3.7 -1.04481
4.3 3.9 -1.12164
4.3 4.1 -1.19004
4.3 4.3 -1.2491
4.3 4.5 -1.29838
4.3 4.7 -1.3379
4.3 4.9 -1.3682
4.3 5.1 -1.39022
4.3 5.3 -1.40535
4.3 5.5 -1.41531
4.3 5.7 -1.42206
4.3 5.9 -1.42772
4.3 6.1 -1.43448
4.3 6.3 -1.44446
4.3 6.5 -1.45962
4.3 6.7 -1.48168
4.3 6.9 -1.51202
4.3 7.1 -1.55159
4.3 7.3 -1.60092
4.3 7.5 -1.66003
4.3 7.7 -1.72847
4.3 7.9 -1.80535
4.3 8.1 -1.88933
4.3 8.3 -1.97875
4.3 8.5 -2.07168
4.3 8.7 -2.166
4.3 8.9 -2.25953
4.3 9.1 -2.35013
4.3 9.3 -2.43581
4.3 9.5 -2.51482
4.3 9.7 -2.58573
4.3 9.9 -2.64751
4.3 10.1 -2.69959
4.3 10.3 -2.74185
4.3 10.5 -2.77469
4.3 10.7 -2.79894
4.3 10.9 -2.81587
4.3 11.1 -2.82711
4.3 11.3 -2.83456
4.3 11.5 -2.84031
4.3 11.7 -2.84653
4.3 11.9 -2.85539
4.3 12.1 -2.86889
4.3 12.3 -2.88884
4.3 12.5 -2.9167
4.3 12.7 -2.95358
4.5 0.1 0.034779
4.5 0.3 0.027317
4.5 0.5 0.016056
4.5 0.7 -0.000909
4.5 0.9 -0.025201
4.5 1.1 -0.058084
4.5 1.3 -0.100399
4.5 1.5 -0.152523
4.5 1.7 -0.214352
4.5 1.9 -0.285305
4.5 2.1 -0.364351
4.5 2.3 -0.450065
4.5 2.5 -0.540689
4.5 2.7 -0.634229
4.5 2.9 -0.728544
4.5 3.1 -0.821456
4.5 3.3 -0.910856
4.5 3.5 -0.994808
4.5 3.7 -1.07164
4.5 3.9 -1.14004
4.5 4.1 -1.1991
4.5 4.3 -1.24838
4.5 4.5 -1.2879
4.5 4.7 -1.3182
4.5 4.9 -1.34022
4.5 5.1 -1.35536
4.5 5.3 -1.36531
4.5 5.5 -1.37206
4.5 5.7 -1.37772
4.5 5.9 -1.38448
4.5 6.1 -1.39446
4.5 6.3 -1.40962
4.5 6.5 -1.43168
4.5 6.7 -1.46202
4.5 6.9 -1.50159
4.5 7.1 -1.55092
4.5 7.3 -1.61003
4.5 7.5 -1.67847
4.5 7.7 -1.75535
4.5 7.9 -1.83933
4.5 8.1 -1.92875
4.5 8.3 -2.02168
4.5 8.5 -2.11599
4.5 8.7 -2.20953
4.5 8.9 -2.30013
4.5 9.1 -2.38581
4.5 9.3 -2.46482
4.5 9.5 -2.53573
4.5 9.7 -2.59751
4.5 9.9 -2.64959
4.5 10.1 -2.69185
4.5 10.3 -2.72469
4.5 10.5 -2.74894
4.5 10.7 -2.76587
4.5 10.9 -2.77711
4.5 11.1 -2.78456
4.5 11.3 -2.79031
4.5 11.5 -2.79653
4.5 11.7 -2.80539
4.5 11.9 -2.81889
4.5 12.1 -2.83884
4.5 12.3 -2.8667
4.5 12.5 -2.90358
4.5 12.7 -2.95011
4.7 0.1 0.077317
4.7 0.3 0.066056
4.7 0.5 0.049091
4.7 0.7 0.024799
4.7 0.9 -0.008084
4.7 1.1 -0.050399
4.7 1.3 -0.102523
4.7 1.5 -0.164352
4.7 1.7 -0.235305
4.7 1.9 -0.314351
4.7 2.1 -0.400065
4.7 2.3 -0.490689
4.7 2.5 -0.584229
4.7 2.7 -0.678544
4.7 2.9 -0.771456
4.7 3.1 -0.860856
4.7 3.3 -0.944808
4.7 3.5 -1.02164
4.7 3.7 -1.09004
4.7 3.9 -1.1491
4.7 4.1 -1.19838
4.7 4.3 -1.2379
4.7 4.5 -1.2682
4.7 4.7 -1.29022
4.7 4.9 -1.30536
4.7 5.1 -1.31531
4.7 5.3 -1.32206
4.7 5.5 -1.32772
4.7 5.7 -1.33448
4.7 5.9 -1.34445
4.7 6.1 -1.35962
4.7 6.3 -1.38168
4.7 6.5 -1.41202
4.7 6.7 -1.45159
4.7 6.9 -1.50092
4.7 7.1 -1.56003
4.7 7.3 -1.62847
4.7 7.5 -1.70535
4.7 7.7 -1.78933
4.7 7.9 -1.87875
4.7 8.1 -1.97168
4.7 8.3 -2.066
4.7 8.5 -2.15952
4.7 8.7 -2.25013
4.7 8.9 -2.33581
4.7 9.1 -2.41482
4.7 9.3 -2.48573
4.7 9.5 -2.54751
4.7 9.7 -2.59959
4.7 9.9 -2.64185
4.7 10.1 -2.67469
4.7 10.3 -2.69894
4.7 10.5 -2.71587
4.7 10.7 -2.72711
4.7 10.9 -2.73456
4.7 11.1 -2.74031
4.7 11.3 -2.74653
4.7 11.5 -2.75539
4.7 11.7 -2.76889
4.7 11.9 -2.78884
4.7 12.1 -2.8167
4.7 12.3 -2.85358
4.7 12.5 -2.90011
4.7 12.7 -2.95646
4.9 0.1 0.116056
4.9 0.3 0.099091
4.9 0.5 0.074799
4.9 0.7 0.041916
4.9 0.9 -0.000399
4.9 1.1 -0.052523
4.9 1.3 -0.114352
4.9 1.5 -0.185305
4.9 1.7 -0.264351
4.9 1.9 -0.350065
4.9 2.1 -0.44069
4.9 2.3 -0.534229
4.9 2.5 -0.628544
4.9 2.7 -0.721456
4.9 2.9 -0.810856
4.9 3.1 -0.894808
4.9 3.3 -0.971643
4.9 3.5 -1.04004
4.9 3.7 -1.0991
4.9 3.9 -1.14838
4.9 4.1 -1.1879
4.9 4.3 -1.2182
4.9 4.5 -1.24022
4.9 4.7 -1.25535
4.9 4.9 -1.26531
4.9 5.1 -1.27206
4.9 5.3 -1.27772
4.9 5.5 -1.28448
4.9 5.7 -1.29445
4.9 5.9 -1.30962
4.9 6.1 -1.33168
4.9 6.3 -1.36202
4.9 6.5 -1.40159
4.9 6.7 -1.45092
4.9 6.9 -1.51003
4.9 7.1 -1.57847
4.9 7.3 -1.65535
4.9 7.5 -1.73933
4.9 7.7 -1.82875
4.9 7.9 -1.92168
4.9 8.1 -2.016
4.9 8.3 -2.10953
4.9 8.5 -2.20013
4.9 8.7 -2.28581
4.9 8.9 -2.36482
4.9 9.1 -2.43573
4.9 9.3 -2.49751
4.9 9.5 -2.54959
4.9 9.7 -2.59185
4.9 9.9 -2.62469
4.9 10.1 -2.64894
4.9 10.3 -2.66587
4.9 10.5 -2.67711
4.9 10.7 -2.68456
4.9 10.9 -2.69031
4.9 11.1 -2.69653
4.9 11.3 -2.70539
4.9 11.5 -2.71889
4.9 11.7 -2.73884
4.9 11.9 -2.7667
4.9 12.1 -2.80358
4.9 12.3 -2.85011
4.9 12.5 -2.90646
4.9 12.7 -2.97232
5.1 0.1 0.149091
5.1 0.3 0.124799
5.1 0.5 0.091916
5.1 0.7 0.049601
5.1 0.9 -0.002523
5.1 1.1 -0.064352
5.1 1.3 -0.135305
5.1 1.5 -0.214351
5.1 1.7 -0.300065
5.1 1.9 -0.390689
5.1 2.1 -0.484229
5.1 2.3 -0.578544
5.1 2.5 -0.671456
5.1 2.7 -0.760856
5.1 2.9 -0.844808
5.1 3.1 -0.921643
5.1 3.3 -0.990043
5.1 3.5 -1.0491
5.1 3.7 -1.09838
5.1 3.9 -1.1379
5.1 4.1 -1.1682
5.1 4.3 -1.19022
5.1 4.5 -1.20535
5.1 4.7 -1.21531
5.1 4.9 -1.22206
5.1 5.1 -1.22772
5.1 5.3 -1.23448
5.1 5.5 -1.24446
5.1 5.7 -1.25962
5.1 5.9 -1.28168
5.1 6.1 -1.31202
5.1 6.3 -1.35159
5.1 6.5 -1.40092
5.1 6.7 -1.46003
5.1 6.9 -1.52847
5.1 7.1 -1.60535
5.1 7.3 -1.68933
5.1 7.5 -1.77875
5.1 7.7 -1.87168
5.1 7.9 -1.96599
5.1 8.1 -2.05952
5.1 8.3 -2.15013
5.1 8.5 -2.23581
5.1 8.7 -2.31482
5.1 8.9 -2.38573
5.1 9.1 -2.44751
5.1 9.3 -2.49959
5.1 9.5 -2.54185
5.1 9.7 -2.57469
5.1 9.9 -2.59894
5.1 10.1 -2.61587
5.1 10.3 -2.62711
5.1 10.5 -2.63456
5.1 10.7 -2.64031
5.1 10.9 -2.64653
5.1 11.1 -2.65539
5.1 11.3 -2.66889
5.1 11.5 -2.68884
5.1 11.7 -2.7167
5.1 11.9 -2.75358
5.1 12.1 -2.80011
5.1 12.3 -2.85646
5.1 12.5 -2.92232
5.1 12.7 -2.99692
5.3 0.1 0.174799
5.3 0.3 0.141916
5.3 0.5 0.099601
5.3 0.7 0.047477
5.3 0.9 -0.014352
5.3 1.1 -0.085305
5.3 1.3 -0.164351
5.3 1.5 -0.250065
5.3 1.7 -0.340689
5.3 1.9 -0.434229
5.3 2.1 -0.528544
5.3 2.3 -0.621456
5.3 2.5 -0.710856
5.3 2.7 -0.794808
5.3 2.9 -0.871643
5.3 3.1 -0.940043
5.3 3.3 -0.999103
5.3 3.5 -1.04838
5.3 3.7 -1.0879
5.3 3.9 -1.1182
5.3 4.1 -1.14022
5.3 4.3 -1.15535
5.3 4.5 -1.16531
5.3 4.7 -1.17206
5.3 4.9 -1.17772
5.3 5.1 -1.18448
5.3 5.3 -1.19446
5.3 5.5 -1.20962
5.3 5.7 -1.23168
5.3 5.9 -1.26202
5.3 6.1 -1.30159
5.3 6.3 -1.35092
5.3 6.5 -1.41003
5.3 6.7 -1.47847
5.3 6.9 -1.55535
5.3 7.1 -1.63933
5.3 7.3 -1.72875
5.3 7.5 -1.82168
5.3 7.7 -1.91599
5.3 7.9 -2.00953
5.3 8.1 -2.10013
5.3 8.3 -2.18581
5.3 8.5 -2.26482
5.3 8.7 -2.33573
5.3 8.9 -2.39751
5.3 9.1 -2.44959
5.3 9.3 -2.49185
5.3 9.5 -2.52469
5.3 9.7 -2.54894
5.3 9.9 -2.56587
5.3 10.1 -2.57711
5.3 10.3 -2.58456
5.3 10.5 -2.59031
5.3 10.7 -2.59653
5.3 10.9 -2.60539
5.3 11.1 -2.61889
5.3 11.3 -2.63884
5.3 11.5 -2.6667
5.3 11.7 -2.70358
5.3 11.9 -2.75011
5.3 12.1 -2.80646
5.3 12.3 -2.87232
5.3 12.5 -2.94692
5.3 12.7 -3.02904
5.5 0.1 0.191916
5.5 0.3 0.149601
5.5 0.5 0.097477
5.5 0.7 0.035648
5.5 0.9 -0.035305
5.5 1.1 -0.114351
5.5 1.3 -0.200065
5.5 1.5 -0.290689
5.5 1.7 -0.384229
5.5 1.9 -0.478544
5.5 2.1 -0.571456
5.5 2.3 -0.660856
5.5 2.5 -0.744808
5.5 2.7 -0.821643
5.5 2.9 -0.890043
5.5 3.1 -0.949103
5.5 3.3 -0.998379
5.5 3.5 -1.0379
5.5 3.7 -1.0682
5.5 3.9 -1.09022
5.5 4.1 -1.10536
5.5 4.3 -1.11531
5.5 4.5 -1.12206
5.5 4.7 -1.12772
5.5 4.9 -1.13448
5.5 5.1 -1.14446
5.5 5.3 -1.15962
5.5 5.5 -1.18168
5.5 5.7 -1.21202
5.5 5.9 -1.25159
5.5 6.1 -1.30092
5.5 6.3 -1.36003
5.5 6.5 -1.42847
5.5 6.7 -1.50535
5.5 6.9 -1.58933
5.5 7.1 -1.67875
5.5 7.3 -1.77168
5.5 7.5 -1.866
5.5 7.7 -1.95952
5.5 7.9 -2.05013
5.5 8.1 -2.13581
5.5 8.3 -2.21482
5.5 8.5 -2.28573
5.5 8.7 -2.34751
5.5 8.9 -2.39959
5.5 9.1 -2.44185
5.5 9.3 -2.47469
5.5 9.5 -2.49894
5.5 9.7 -2.51587
5.5 9.9 -2.52711
5.5 10.1 -2.53456
5.5 10.3 -2.54031
5.5 10.5 -2.54653
5.5 10.7 -2.55539
5.5 10.9 -2.56889
5.5 11.1 -2.58884
5.5 11.3 -2.6167
5.5 11.5 -2.65358
5.5 11.7 -2.70011
5.5 11.9 -2.75646
5.5 12.1 -2.82232
5.5 12.3 -2.89692
5.5 12.5 -2.97904
5.5 12.7 -3.0671
5.7 0.1 0.199601
5.7 0.3 0.147477
5.7 0.5 0.085648
5.7 0.7 0.014695
5.7 0.9 -0.064351
5.7 1.1 -0.150065
5.7 1.3 -0.240689
5.7 1.5 -0.334229
5.7 1.7 -0.428544
5.7 1.9 -0.521456
5.7 2.1 -0.610856
5.7 2.3 -0.694808
5.7 2.5 -0.771643
5.7 2.7 -0.840043
5.7 2.9 -0.899103
5.7 3.1 -0.948379
5.7 3.3 -0.987904
5.7 3.5 -1.0182
5.7 3.7 -1.04022
5.7 3.9 -1.05536
5.7 4.1 -1.06531
5.7 4.3 -1.07206
5.7 4.5 -1.07772
5.7 4.7 -1.08448
5.7 4.9 -1.09445
5.7 5.1 -1.10962
5.7 5.3 -1.13168
5.7 5.5 -1.16202
5.7 5.7 -1.20159
5.7 5.9 -1.25092
5.7 6.1 -1.31003
5.7 6.3 -1.37847
5.7 6.5 -1.45535
5.7 6.7 -1.53933
5.7 6.9 -1.62875
5.7 7.1 -1.72168
5.7 7.3 -1.816
5.7 7.5 -1.90952
5.7 7.7 -2.00013
5.7 7.9 -2.08581
5.7 8.1 -2.16482
5.7 8.3 -2.23573
5.7 8.5 -2.29751
5.7 8.7 -2.34959
5.7 8.9 -2.39185
5.7 9.1 -2.42469
5.7 9.3 -2.44894
5.7 9.5 -2.46587
5.7 9.7 -2.47711
5.7 9.9 -2.48456
5.7 10.1 -2.49031
5.7 10.3 -2.49653
5.7 10.5 -2.50539
5.7 10.7 -2.51889
5.7 10.9 -2.53884
5.7 11.1 -2.5667
5.7 11.3 -2.60358
5.7 11.5 -2.65011
5.7 11.7 -2.70646
5.7 11.9 -2.77232
5.7 12.1 -2.84692
5.7 12.3 -2.92904
5.7 12.5 -3.0171
5.7 12.7 -3.10924
5.9 0.1 0.197477
5.9 0.3 0.135648
5.9 0.5 0.064695
5.9 0.7 -0.014351
5.9 0.9 -0.100065
5.9 1.1 -0.190689
5.9 1.3 -0.284229
5.9 1.5 -0.378544
5.9 1.7 -0.471456
5.9 1.9 -0.560856
5.9 2.1 -0.644808
5.9 2.3 -0.721643
5.9 2.5 -0.790043
5.9 2.7 -0.849103
5.9 2.9 -0.898379
5.9 3.1 -0.937904
5.9 3.3 -0.968196
5.9 3.5 -0.990221
5.9 3.7 -1.00535
5.9 3.9 -1.01531
5.9 4.1 -1.02206
5.9 4.3 -1.02772
5.9 4.5 -1.03448
5.9 4.7 -1.04445
5.9 4.9 -1.05962
5.9 5.1 -1.08168
5.9 5.3 -1.11202
5.9 5.5 -1.15159
5.9 5.7 -1.20092
5.9 5.9 -1.26003
5.9 6.1 -1.32847
5.9 6.3 -1.40535
5.9 6.5 -1.48933
5.9 6.7 -1.57875
5.9 6.9 -1.67168
5.9 7.1 -1.76599
5.9 7.3 -1.85953
5.9 7.5 -1.95013
5.9 7.7 -2.03581
5.9 7.9 -2.11482
5.9 8.1 -2.18573
5.9 8.3 -2.24751
5.9 8.5 -2.29959
5.9 8.7 -2.34185
5.9 8.9 -2.37469
5.9 9.1 -2.39894
5.9 9.3 -2.41587
5.9 9.5 -2.42711
5.9 9.7 -2.43456
5.9 9.9 -2.44031
5.9 10.1 -2.44653
5.9 10.3 -2.45539
5.9 10.5 -2.46889
5.9 10.7 -2.48884
5.9 10.9 -2.5167
5.9 11.1 -2.55358
5.9 11.3 -2.60011
5.9 11.5 -2.65646
5.9 11.7 -2.72232
5.9 11.9 -2.79692
5.9 12.1 -2.87904
5.9 12.3 -2.9671
5.9 12.5 -3.05924
5.9 12.7 -3.15338
6.1 0.1 0.185648
6.1 0.3 0.114695
6.1 0.5 0.035649
6.1 0.7 -0.050065
6.1 0.9 -0.140689
6.1 1.1 -0.234229
6.1 1.3 -0.328544
6.1 1.5 -0.421456
6.1 1.7 -0.510856
6.1 1.9 -0.594808
6.1 2.1 -0.671643
6.1 2.3 -0.740043
6.1 2.5 -0.799103
6.1 2.7 -0.848379
6.1 2.9 -0.887904
6.1 3.1 -0.918196
6.1 3.3 -0.940221
6.1 3.5 -0.955355
6.1 3.7 -0.965311
6.1 3.9 -0.972057
6.1 4.1 -0.97772
6.1 4.3 -0.984477
6.1 4.5 -0.994455
6.1 4.7 -1.00962
6.1 4.9 -1.03168
6.1 5.1 -1.06202
6.1 5.3 -1.10159
6.1 5.5 -1.15092
6.1 5.7 -1.21003
6.1 5.9 -1.27847
6.1 6.1 -1.35535
6.1 6.3 -1.43933
6.1 6.5 -1.52875
6.1 6.7 -1.62168
6.1 6.9 -1.71599
6.1 7.1 -1.80953
6.1 7.3 -1.90013
6.1 7.5 -1.98581
6.1 7.7 -2.06482
6.1 7.9 -2.13573
6.1 8.1 -2.19751
6.1 8.3 -2.24959
6.1 8.5 -2.29185
6.1 8.7 -2.32469
6.1 8.9 -2.34894
6.1 9.1 -2.36587
6.1 9.3 -2.37711
6.1 9.5 -2.38456
6.1 9.7 -2.39031
6.1 9.9 -2.39653
6.1 10.1 -2.40539
6.1 10.3 -2.41889
6.1 10.5 -2.43884
6.1 10.7 -2.4667
6.1 10.9 -2.50358
6.1 11.1 -2.55011
6.1 11.3 -2.60646
6.1 11.5 -2.67232
6.1 11.7 -2.74692
6.1 11.9 -2.82904
6.1 12.1 -2.9171
6.1 12.3 -3.00924
6.1 12.5 -3.10338
6.1 12.7 -3.19736
6.3 0.1 0.164695
6.3 0.3 0.085649
6.3 0.5 -6.5e-05
6.3 0.7 -0.090689
6.3 0.9 -0.184229
6.3 1.1 -0.278544
6.3 1.3 -0.371456
6.3 1.5 -0.460856
6.3 1.7 -0.544808
6.3 1.9 -0.621643
6.3 2.1 -0.690043
6.3 2.3 -0.749103
6.3 2.5 -0.798379
6.3 2.7 -0.837904
6.3 2.9 -0.868196
6.3 3.1 -0.890221
6.3 3.3 -0.905355
6.3 3.5 -0.915311
6.3 3.7 -0.922057
6.3 3.9 -0.92772
6.3 4.1 -0.934477
6.3 4.3 -0.944455
6.3 4.5 -0.959619
6.3 4.7 -0.981683
6.3 4.9 -1.01202
6.3 5.1 -1.05159
6.3 5.3 -1.10092
6.3 5.5 -1.16003
6.3 5.7 -1.22847
6.3 5.9 -1.30535
6.3 6.1 -1.38933
6.3 6.3 -1.47875
6.3 6.5 -1.57168
6.3 6.7 -1.66599
6.3 6.9 -1.75953
6.3 7.1 -1.85013
6.3 7.3 -1.93581
6.3 7.5 -2.01482
6.3 7.7 -2.08573
6.3 7.9 -2.14751
6.3 8.1 -2.19959
6.3 8.3 -2.24185
6.3 8.5 -2.27469
6.3 8.7 -2.29894
6.3 8.9 -2.31587
6.3 9.1 -2.32711
6.3 9.3 -2.33456
6.3 9.5 -2.34031
6.3 9.7 -2.34653
6.3 9.9 -2.35539
6.3 10.1 -2.36889
6.3 10.3 -2.38884
6.3 10.5 -2.4167
6.3 10.7 -2.45358
6.3 10.9 -2.50011
6.3 11.1 -2.55646
6.3 11.3 -2.62232
6.3 11.5 -2.69692
6.3 11.7 -2.77904
6.3 11.9 -2.8671
6.3 12.1 -2.95924
6.3 12.3 -3.05338
6.3 12.5 -3.14736
6.3 12.7 -3.239
